   value
   8.9152506e-01
   5.4555731e+00
   2.4618833e+00
   4.1733659e+00
   3.0568482e+00
   4.5257134e+00
   2.9602039e+00
   4.8486448e+00
   5.2806145e+00
   6.9650766e+00
   3.6637682e+00
   2.9626003e-01
   2.5457896e+00
   6.3462262e+00
   2.1429726e+00
   5.6644209e+00
   4.2148606e+00
   6.4884315e+00
   6.0362157e-01
   3.6575766e+00
   1.9079503e+00
   9.0368177e+00
   5.4293211e+00
   6.3884495e+00
   2.1671780e+00
   3.1883340e+00
   3.5280691e+00
   5.9025272e+00
   3.5187117e+00
   5.2151054e+00
   4.4614992e-01
   3.3871138e+00
   2.5735063e+00
   1.2684571e+00
   4.8798379e+00
   4.4884107e+00
   4.0579889e+00
   1.6900020e+00
   5.9528739e+00
   4.6065285e+00
   3.4820024e+00
   4.0396463e+00
   3.5462106e+00
   9.6854325e-01
   3.5052380e+00
   2.5600310e+00
   2.3039649e+00
   1.9970536e+00
   3.0758520e+00
   5.3133316e-01
